VALIDAÇÃO ----> REGRESSÃO LOGISTICA ONE-VS-ALL - ALPHA 0.1 - 1000 ITERAÇÕES
F1 Score:0.7713333333333333

REGRESSÃO LOGISTICA ONE-VS-ALL - ALPHA 0.1 - 1000 ITERAÇÕES
F1 Score:0.7685

[[775   5  27  91   5  64  12   1  20   0]
 [  6 952  20  15   1   4   2   0   0   0]
 [ 26   3 635   6 187  97  27   0  19   0]
 [ 31  23  15 864  23  37   6   0   1   0]
 [  1  13  80  46 782  52  23   0   3   0]
 [  0   0   0   2   0 823   0 115   3  57]
 [230   8 121  58 186 151 219   0  27   0]
 [  0   0   0   0   0  52   0 852   0  96]
 [  8   0   9  20   5  77   5  15 857   4]
 [  0   0   0   0   0  22   0  52   0 926]]