VALIDAÇÃO ----> REGRESSÃO LOGISTICA MULTINOMIAL - ALPHA 0.1 - 1000 ITERAÇÕES
F1 Score:0.7746666666666666

TESTE ----> REGRESSÃO LOGISTICA MULTINOMIAL - ALPHA 0.1 - 1000 ITERAÇÕES
F1 Score:0.7736999999999999

[[775   4  26  92   5  61  16   1  20   0]
 [  6 952  20  15   1   4   2   0   0   0]
 [ 24   1 645   6 187  90  29   0  18   0]
 [ 31  18  14 866  24  37   9   0   1   0]
 [  1  10  78  46 784  47  31   0   3   0]
 [  0   0   0   2   0 829   0 110   4  55]
 [225   6 121  61 174 141 247   0  25   0]
 [  0   0   0   0   0  53   0 854   0  93]
 [  9   0   9  22   5  71   5  15 861   3]
 [  0   0   0   0   0  23   0  53   0 924]]